$ANSIBLE_VAULT;1.1;AES256
36643761306666366433363262356537663236626636306130303639303761393437343637343234
6632383430303435303565633665306239363363623433390a396163343532336232343465643934
35383431636332623432373536313737613833613435643663356138366631343761373738663332
6164616331316533370a313331626231356139333633353262613566373334633235656632303438
66616130303465306465366231373635353533393365313835386161663137623638346435336161
34646330376436613939613831353065646163326530346237653131366638343238376630623031
30653865356633613837616564393836623239373030666438613061306666626535336337313862
38636133316634363434366132633237313730643564313564303565383039643963336634643535
36353938626438353265666535616334393364306634363133613736616565626536386133386331
32363262643639333933373532396365393565663139343230366431343232643135323261333836
61383462333238346339313062666635333366656230383137623335323936623733666130623465
34396433343731386162303663643565396361623538383064316662636366353236393233343230
61353531633836313236373464313433643635633965356239313562633465643535393436643735
31353463633564373237346666623866363037393733386239636336646664363230346132633836
33373237313864393532353533326630393762666465383738366161333636306231303931643266
35343832636638323032363833393035323462333262353363633264396139333437323834323765
65316634303732333636373730363565333761356338356534366233336339653663633530613330
34636331346362633235613434336664393866366135333336336433656537313435633235346266
35663266333031333834616435393031333531333962373930663632643464306164306339623337
30373663313463373138313633636339333261343835343362373537386462643265613235313834
36343237326365363566376439316566646162613434303964376430336535343231616631643435
32653432373233393638393334383330653035643965343135353834376232343439383665313437
39306537343766363263646366333666646539343365353764636462383333313465343064396237
31613632333466626561313337306235376465666464396337346232636465616165343361613730
30613433646330383863303134626531646632393461643531623632363832323035623738366161
62636461323262343339363737353431376436653764366365616663393566303462333665623964
39333761343461646632323265613561323239383036633238346331303164633739623962336338
38333336316230386263363834353336366364656434613130333366666439373461633032333834
31326535613237313761306238633762306264346532316162616539613238666630346538343439
39656436366461363666643762613435376634356665306334316634666337396366633866613433
62613061306435636439343032353136356133633431623962386366646436303764363562323432
36323861373766633265373266373164633964633963316663326637333662326261623066656539
63356662326132636364656539626462396233306339353334316134393838666334356136613430
66653864386562306530373839376366383465636361336530653733393564653537313333613737
38363362336563313839363139326338346634353833633530373634383164643836306133643236
30366531613261326235336663653733393065643665363965306232383930353265393330623235
37623633633464386338353532643563306431353232326666663832306538343639643936323362
32376232363737303738653239323432353463646230366237623961656539313130316239343664
39376663633266333232623762643131363766356233636165663434613230646631613963616264
33306163616466663339653335663939323162636238643963633634663831323039643966343664
3263
